[?25l[0m[7m[38;2;0;0;0m [0m[38;2;0;0;0;48;2;0;0;0m                   [38;2;184;184;185;48;2;32;32;32m╻[48;2;0;0;0m                   [0m
[7m[38;2;0;0;0m [0m[38;2;0;0;0;48;2;0;0;0m       [38;2;37;36;37m▁[38;2;213;213;213m▁[38;2;163;163;163m▁[38;2;0;0;0;48;2;1;1;1m┈[48;2;0;0;0m       [38;2;2;1;1;48;2;72;72;72m▉[38;2;35;35;35;48;2;124;124;124m┢[38;2;122;122;121;48;2;7;7;7m▖[48;2;0;0;0m                  [0m
[38;2;42;42;42;48;2;0;0;0m▁[38;2;0;0;0;48;2;13;13;13m┈[38;2;102;102;102;48;2;0;0;0m▃[38;2;180;180;179;48;2;42;42;42m┌[38;2;167;167;167;48;2;24;24;24m╾[38;2;95;95;95;48;2;1;1;1m▃[38;2;152;153;153;48;2;5;5;5m▂[38;2;228;227;228;48;2;42;42;42m▅[38;2;254;254;254;48;2;239;239;239m╴[38;2;254;253;254;48;2;251;251;251m┈[38;2;84;83;83;48;2;217;217;217m┕[38;2;173;173;173;48;2;75;75;75m▌[38;2;176;176;176;48;2;36;36;36m▂[48;2;0;0;0m   [38;2;0;0;0;48;2;2;2;2m┈[38;2;188;188;188;48;2;20;20;20m▖[48;2;0;0;0m [38;2;1;1;0;48;2;154;154;154m▘[38;2;148;148;148;48;2;17;17;17m▂[38;2;35;35;35;48;2;146;146;146m▝[38;2;0;0;0;48;2;7;7;7m┈[38;2;151;151;151m▖[48;2;0;0;0m                [0m
[38;2;0;0;0;48;2;62;62;62m▇[38;2;11;11;11;48;2;194;194;194m▇[38;2;99;99;99;48;2;8;8;8m╶[38;2;178;178;178;48;2;1;1;1m─[38;2;205;205;205;48;2;4;4;4m─[38;2;92;91;91;48;2;5;5;5m▃[38;2;175;175;176;48;2;20;20;20m▃[38;2;230;229;230;48;2;22;22;22m▃[38;2;70;69;69;48;2;223;223;223m━[38;2;94;94;93;48;2;227;227;227m╴[38;2;156;155;155;48;2;229;229;229m▁[38;2;163;163;163;48;2;23;23;22m▋[38;2;55;55;54;48;2;246;246;246m▉[38;2;160;160;160;48;2;0;0;0m▎  [38;2;24;23;23;48;2;134;134;134m▋[38;2;139;139;139;48;2;25;25;24m▚[38;2;81;81;81;48;2;0;0;0m▁[38;2;175;175;175;48;2;59;59;59m╿[38;2;25;24;24;48;2;115;115;115m▉[38;2;228;227;228;48;2;89;89;89m╷[38;2;13;13;12;48;2;101;101;101m▉[38;2;166;166;166;48;2;67;67;67m┩[48;2;0;0;0m   [38;2;85;85;85;48;2;12;12;12m▁[38;2;98;98;98;48;2;0;0;0m▁           [0m
[7m[38;2;0;0;0m [0m[38;2;0;0;0;48;2;0;0;0m   [38;2;111;111;111;48;2;2;2;2m▂[38;2;135;135;135;48;2;4;4;4m▂[38;2;157;157;157;48;2;11;11;10m▝[38;2;107;107;107;48;2;241;241;241m▂[38;2;252;252;252;48;2;223;223;223m╴[38;2;182;181;181;48;2;96;96;95m▋[38;2;189;189;189;48;2;56;56;56m━[38;2;147;147;147;48;2;36;36;36m▂[38;2;175;175;175;48;2;73;73;72m┺[38;2;169;169;169;48;2;19;19;19m╴[48;2;0;0;0m [38;2;9;9;9;48;2;120;120;120m▉[38;2;33;33;33;48;2;144;144;144m┏[38;2;167;167;167;48;2;59;59;59m╏[38;2;203;203;203;48;2;87;86;86m╽[38;2;239;239;239;48;2;39;39;39m│[38;2;148;148;148;48;2;34;34;34m▖[38;2;209;209;209;48;2;76;76;75m│[38;2;47;47;47;48;2;166;166;166m▋[38;2;55;55;54;48;2;214;214;214m▊[38;2;0;0;0;48;2;8;8;8m┊[48;2;6;6;6m┈[48;2;0;0;0m [38;2;8;8;8;48;2;143;144;143m▌[38;2;4;4;4;48;2;186;186;186m▆[38;2;94;94;94;48;2;8;8;8m▘[48;2;0;0;0m     [38;2;0;0;0;48;2;3;3;3m┈[38;2;64;64;64;48;2;0;0;0m▁   [0m
[38;2;0;0;0;48;2;9;9;9m┈[38;2;100;100;100;48;2;0;0;0m▃[38;2;143;143;143;48;2;22;22;22m╼[38;2;145;145;145;48;2;44;44;44m╸[38;2;139;139;139;48;2;29;29;29m▁[38;2;0;0;0;48;2;3;2;2m┈[38;2;11;11;11;48;2;136;136;136m▄[38;2;182;182;182;48;2;20;20;19m╾[38;2;59;58;58;48;2;214;213;214m▇[38;2;51;51;51;48;2;246;246;246m▆[38;2;63;63;63;48;2;190;190;190m▆[38;2;101;101;101;48;2;22;22;21m▃[38;2;0;0;0;48;2;8;8;7m┊[38;2;9;9;9;48;2;143;143;143m▌[38;2;0;0;0;48;2;3;3;3m┈[48;2;0;0;0m [38;2;122;122;122;48;2;16;15;15m▊[38;2;90;90;90;48;2;12;12;12m╴[38;2;141;141;141;48;2;23;23;23m▍[38;2;78;77;77;48;2;144;144;144m▇[38;2;175;175;175;48;2;47;47;47m▍[38;2;107;107;107m╸[38;2;4;4;4;48;2;152;151;151m▋[38;2;10;9;9;48;2;212;212;212m▊[38;2;123;123;122;48;2;5;5;5m▃[38;2;141;141;141;48;2;25;25;25m▌[38;2;0;0;0;48;2;12;12;12m┊[38;2;141;141;141;48;2;29;28;28m▌[38;2;157;157;157;48;2;49;49;49m┓[48;2;0;0;0m [38;2;0;0;0;48;2;9;9;9m┈[38;2;126;126;126;48;2;5;5;5m▂[38;2;128;128;128;48;2;0;0;0m▃[38;2;166;166;166;48;2;11;11;11m╺[38;2;149;149;149;48;2;28;28;27m╸[38;2;31;31;31;48;2;107;107;107m▅[38;2;117;117;116;48;2;51;51;50m▃[38;2;99;99;99;48;2;39;38;38m▁[38;2;143;143;143;48;2;3;3;3m━[38;2;1;1;1;48;2;0;0;0m┈[0m
[7m[38;2;0;0;0m [0m[38;2;0;0;0;48;2;0;0;0m [48;2;2;2;2m┈[48;2;65;65;65m▇[38;2;3;3;3;48;2;139;139;139m▇[38;2;59;59;59;48;2;36;36;36m╵[38;2;159;159;159;48;2;15;15;15m━[38;2;155;155;155;48;2;35;35;35m─[38;2;200;201;200;48;2;22;22;22m─[38;2;129;129;129;48;2;34;34;34m─[48;2;0;0;0m  [38;2;0;0;0;48;2;13;13;13m┊[38;2;174;174;174;48;2;67;67;66m┚[38;2;153;153;153;48;2;35;35;34m▖[38;2;7;7;7;48;2;137;137;136m▊[38;2;170;169;170;48;2;69;69;69m┤[38;2;108;108;108;48;2;12;12;12m╸[38;2;140;140;140;48;2;28;28;27m▍[38;2;45;45;44;48;2;118;118;118m▎[38;2;72;72;72;48;2;141;141;141m▋[38;2;215;215;215;48;2;53;53;52m▁[38;2;230;230;230;48;2;48;48;48m▁[38;2;9;9;9;48;2;133;133;132m▊[38;2;12;12;11;48;2;139;139;139m┃[38;2;196;196;196;48;2;27;27;27m┃[38;2;37;37;36;48;2;157;157;157m▍[38;2;141;141;141;48;2;61;61;61m▃[38;2;179;179;179;48;2;74;74;74m▝[38;2;166;166;166;48;2;17;17;17m▏[48;2;0;0;0m   [38;2;0;0;0;48;2;7;7;7m┈[48;2;98;98;98m▆[48;2;148;148;148m▇[48;2;3;3;3m┈[48;2;51;52;51m▇[48;2;0;0;0m  [0m
[7m[38;2;0;0;0m [0m[38;2;0;0;0;48;2;0;0;0m         [38;2;134;134;134;48;2;18;18;18m▁[48;2;0;0;0m [38;2;29;29;29;48;2;186;186;186m▋[38;2;60;60;60;48;2;115;115;115m▅[38;2;57;57;56;48;2;139;139;138m▍[38;2;66;66;66;48;2;193;193;192m▊[38;2;156;156;156;48;2;56;56;55m│[38;2;172;172;172;48;2;42;42;42m╸[38;2;13;13;12;48;2;99;99;99m▚[38;2;112;112;112;48;2;41;41;40m▌[38;2;17;17;17;48;2;137;137;137m▋[38;2;98;98;98;48;2;6;6;5m╹[38;2;130;130;130;48;2;34;34;34m┕[38;2;8;8;8;48;2;147;147;147m▆[38;2;51;51;51;48;2;141;141;141m▌[38;2;200;201;201;48;2;28;27;27m┃[38;2;26;26;25;48;2;181;181;181m▋[38;2;7;7;6;48;2;137;137;137m▆[38;2;56;55;55;48;2;141;141;141m┅[38;2;21;21;20;48;2;137;137;137m▊[38;2;165;165;166;48;2;19;19;19m▃[38;2;131;132;131;48;2;2;2;2m▂[48;2;0;0;0m        [0m
[7m[38;2;0;0;0m [0m[38;2;0;0;0;48;2;0;0;0m        [48;2;4;4;4m┈[38;2;205;205;205;48;2;86;86;86m┐[38;2;0;0;0;48;2;147;147;147m▅[38;2;22;22;22;48;2;246;246;246m▉[38;2;39;39;39;48;2;138;138;138m▅[38;2;189;188;188;48;2;11;10;10m┃[38;2;52;52;51;48;2;224;225;224m▊[38;2;43;43;43;48;2;130;130;129m▅[38;2;0;0;0;48;2;131;131;130m▅[38;2;154;154;154;48;2;36;35;35m┃[38;2;97;97;97;48;2;7;7;7m╹[38;2;105;105;105;48;2;11;11;11m▖[48;2;0;0;0m [38;2;123;123;123;48;2;1;1;0m▝[38;2;135;135;135;48;2;5;5;5m▌[38;2;137;137;137;48;2;43;43;43m┝[38;2;203;203;203;48;2;46;46;46m┃[38;2;3;2;2;48;2;153;153;153m┙[48;2;0;0;0m [38;2;139;138;139;48;2;92;92;92m├[38;2;1;1;1;48;2;194;194;194m▊[38;2;165;165;165;48;2;44;44;44m▗[38;2;162;162;162;48;2;13;13;13m┃[48;2;0;0;0m        [0m
[7m[38;2;0;0;0m [0m[38;2;69;69;69;48;2;0;0;0m╺[38;2;93;92;92;48;2;20;20;20m━[38;2;184;184;184;48;2;33;33;33m╺[38;2;196;197;197;48;2;32;32;31m─[38;2;123;124;123;48;2;17;17;17m━[38;2;122;122;122;48;2;4;4;4m▃[38;2;150;151;151;48;2;6;6;6m▁[48;2;0;0;0m [38;2;180;180;180;48;2;58;58;58m┏[38;2;135;134;134;48;2;52;52;51m▝[38;2;126;125;125;48;2;4;4;4m▖[38;2;8;8;8;48;2;199;198;198m▊[38;2;189;189;189;48;2;69;69;69m╽[38;2;188;189;188;48;2;25;25;24m┴[38;2;179;179;179;48;2;39;38;38m━[38;2;152;152;152;48;2;35;35;34m╸[38;2;0;0;0;48;2;4;4;4m┈[38;2;233;233;233;48;2;98;98;98m╹[38;2;1;1;1;48;2;0;0;0m▁[38;2;15;15;15;48;2;195;195;195m▊[38;2;148;149;148;48;2;27;27;27m━[38;2;160;160;160;48;2;20;20;20m━[38;2;183;183;183;48;2;52;52;52m┹[38;2;163;163;163;48;2;65;65;65m╈[38;2;136;136;136;48;2;48;48;47m┷[38;2;1;1;1;48;2;163;163;163m▋[38;2;181;181;181;48;2;25;24;24m━[38;2;145;145;145;48;2;71;71;71m┼[38;2;73;73;73;48;2;11;11;11m╱[38;2;129;130;129;48;2;36;36;36m╾[38;2;165;166;165;48;2;37;37;36m┃[48;2;0;0;0m  [38;2;56;56;56;48;2;4;4;4m▁[38;2;158;158;158;48;2;52;52;52m▁[38;2;90;90;89;48;2;28;28;27m▝[38;2;142;142;142;48;2;13;13;13m╾[38;2;170;169;169;48;2;33;34;33m╴[38;2;0;0;0;48;2;11;11;11m┊[0m
[38;2;0;0;0;48;2;4;4;4m┈┈[48;2;6;6;6m┈[38;2;157;157;157;48;2;48;48;48m┍[38;2;116;116;116;48;2;3;3;3m▖[48;2;0;0;0m  [38;2;0;0;0;48;2;71;71;71m▇[48;2;0;0;0m [38;2;37;37;37;48;2;137;137;137m▏[38;2;47;46;46;48;2;145;145;145m▇[38;2;145;145;145;48;2;12;12;12m▌[38;2;7;7;7;48;2;154;154;154m▋[38;2;185;185;185;48;2;34;34;34m▎[38;2;102;102;102;48;2;1;1;1m╹[38;2;0;0;0;48;2;17;17;17m┊[38;2;124;124;124;48;2;1;1;1m▍[38;2;25;25;25;48;2;165;165;165m▋[38;2;131;131;131;48;2;59;58;58m▏[38;2;162;162;162;48;2;67;66;66m▖[38;2;69;69;69;48;2;225;225;225m▉[38;2;148;147;147;48;2;23;23;22m▁[38;2;155;154;154;48;2;15;15;15m▂[38;2;133;133;133;48;2;35;34;34m▂[38;2;44;44;43;48;2;135;135;135m┣[38;2;102;102;102;48;2;43;43;43m┕[38;2;45;44;44;48;2;148;148;148m▋[38;2;102;102;102;48;2;0;0;0m▗[38;2;136;136;136;48;2;68;68;68m╁[38;2;137;137;137;48;2;50;50;50m▍[48;2;0;0;0m [38;2;0;0;0;48;2;6;6;6m┈[38;2;47;47;48;48;2;11;11;11m╵[38;2;100;100;100;48;2;30;30;30m╹[38;2;9;9;9;48;2;179;179;179m▇[38;2;5;5;5;48;2;91;92;91m▇[38;2;0;0;0;48;2;119;119;119m▅[38;2;119;119;119;48;2;25;25;25m╺[38;2;148;148;149;48;2;1;1;1m━[38;2;83;83;83;48;2;2;2;2m╴[0m
[38;2;9;9;9;48;2;158;159;158m▆[38;2;148;148;148;48;2;60;60;59m┗[38;2;159;159;159;48;2;73;73;73m┳[38;2;143;144;143;48;2;14;14;14m╸[38;2;15;15;15;48;2;130;130;130m▍[38;2;90;90;89;48;2;9;9;9m▏[48;2;0;0;0m   [38;2;28;28;28;48;2;154;154;154m▍[38;2;34;34;34;48;2;16;16;15m╴[38;2;162;162;162;48;2;88;88;88m▍[38;2;186;186;186m┃[38;2;139;139;139;48;2;61;60;60m▌[38;2;136;136;136;48;2;16;16;16m▃[38;2;194;194;194;48;2;53;53;53m╍[38;2;228;228;228;48;2;60;60;60m╶[38;2;59;59;59;48;2;207;207;207m▊[38;2;162;162;162;48;2;21;21;21m╹[38;2;160;160;160;48;2;36;36;36m▍[38;2;185;185;185;48;2;41;40;40m╿[38;2;13;12;12;48;2;139;139;139m▆[38;2;33;34;33;48;2;130;129;129m╾[38;2;22;21;21;48;2;155;155;155m▆[38;2;59;59;58;48;2;175;175;175m▊[38;2;102;103;102;48;2;0;0;0m▎[38;2;104;104;104;48;2;9;9;9m▝[38;2;11;10;10;48;2;142;142;142m▉[38;2;3;3;2;48;2;132;132;132m┏[38;2;187;187;187;48;2;36;36;36m┃[48;2;0;0;0m  [38;2;91;90;91;48;2;1;1;1m▗[38;2;160;161;161;48;2;48;48;48m─[38;2;130;130;130;48;2;6;6;6m▂[38;2;23;23;23;48;2;151;151;151m▚[38;2;136;136;136;48;2;47;47;47m╺[38;2;101;101;101;48;2;2;2;2m▖[48;2;0;0;0m  [0m
[7m[38;2;0;0;0m [0m[38;2;0;0;0;48;2;0;0;0m [38;2;19;19;18;48;2;159;160;159m▆[38;2;131;131;131;48;2;36;36;36m┒[38;2;72;72;72;48;2;22;22;22m▁[38;2;42;42;42;48;2;126;126;126m▌[38;2;135;135;134;48;2;39;39;39m▅[38;2;191;191;191;48;2;45;45;45m╺[38;2;164;164;164;48;2;17;17;16m▂[38;2;196;196;196;48;2;97;97;97m╹[38;2;120;120;119;48;2;1;1;1m▗[38;2;171;171;171;48;2;53;53;53m┓[38;2;17;17;17;48;2;126;127;126m▋[48;2;0;0;0m [38;2;0;0;0;48;2;7;7;7m┈[38;2;178;178;178;48;2;19;19;19m▌[48;2;0;0;0m [38;2;0;0;0;48;2;199;198;199m▊[38;2;65;65;65;48;2;5;5;5m╵[38;2;158;158;158;48;2;1;1;1m▍[38;2;2;2;2;48;2;153;153;153m▌[38;2;172;172;172;48;2;54;54;54m┏[38;2;71;71;71;48;2;134;134;134m┝[38;2;68;68;68;48;2;148;148;148m╻[38;2;30;30;30;48;2;224;224;224m▊[38;2;8;7;7;48;2;110;110;110m▅[38;2;31;31;31;48;2;139;139;139m▅[38;2;145;146;145;48;2;46;46;46m╹[38;2;215;215;214;48;2;1;1;1m▎[38;2;195;195;195;48;2;54;54;54m┃[38;2;172;172;172;48;2;32;32;32m╺[38;2;92;92;92;48;2;39;39;39m╍[38;2;15;15;15;48;2;147;148;148m▅[38;2;157;158;157;48;2;58;58;58m╺[38;2;56;55;55;48;2;131;131;131m▆[38;2;142;142;143;48;2;37;37;37m┙[48;2;0;0;0m [38;2;104;104;104;48;2;25;25;25m╵[38;2;167;167;167;48;2;9;9;9m━[38;2;177;178;177;48;2;38;38;38m╴[0m
[38;2;0;0;0;48;2;13;13;13m╴[38;2;152;152;152;48;2;34;34;34m╸[38;2;145;145;145;48;2;36;36;36m┖[38;2;176;176;176;48;2;10;10;10m▂[38;2;124;124;124;48;2;70;70;70m╏[38;2;0;0;0;48;2;12;11;11m┈[48;2;11;11;11m┈[38;2;102;102;102;48;2;20;20;20m▘[38;2;183;183;183;48;2;54;54;53m┏[38;2;133;133;133;48;2;16;16;16m▚[38;2;34;34;34;48;2;119;119;119m▃[38;2;4;4;4;48;2;104;104;103m▇[38;2;161;161;161;48;2;44;44;44m┃[38;2;93;93;93;48;2;2;2;2m▗[38;2;138;138;138;48;2;25;25;24m▂[38;2;181;181;181;48;2;34;33;33m▘[38;2;182;182;182;48;2;41;41;41m┎[38;2;45;44;44;48;2;144;144;144m▊[38;2;43;43;43;48;2;13;13;13m╴[38;2;135;135;135;48;2;41;41;40m╻[38;2;3;3;3;48;2;140;140;140m▘[38;2;19;19;18;48;2;114;114;114m▎[38;2;188;188;188;48;2;104;104;104m▏[38;2;74;73;73;48;2;129;129;129m┃[38;2;65;65;65;48;2;231;231;231m▊[38;2;0;0;0;48;2;2;2;2m┊[38;2;176;176;176;48;2;26;26;26m▂[38;2;0;0;0;48;2;2;2;2m┈[38;2;83;82;82;48;2;19;18;18m╲[38;2;185;185;185;48;2;73;73;73m┩[38;2;156;156;156;48;2;69;69;69m▘[48;2;0;0;0m [38;2;90;91;91;48;2;16;16;16m╹[38;2;0;0;0;48;2;2;2;2m┈[48;2;0;0;0m [38;2;30;30;29;48;2;109;109;109m▉[38;2;108;107;108;48;2;9;9;9m▏[38;2;224;224;224;48;2;3;3;3m╻[48;2;0;0;0m  [0m
[7m[38;2;0;0;0m [0m[38;2;0;0;0;48;2;0;0;0m [48;2;3;3;3m┈[38;2;14;14;14;48;2;73;73;73m▇[38;2;0;0;0;48;2;10;10;10m┈[38;2;149;149;149;48;2;36;36;36m╺[38;2;121;121;121;48;2;35;35;35m┒[38;2;160;160;160;48;2;48;48;48m┍[38;2;137;137;137;48;2;69;69;69m▊[38;2;160;160;159;48;2;66;65;65m┃[38;2;71;71;71;48;2;13;13;13m╴[48;2;0;0;0m [38;2;201;201;201;48;2;59;59;59m┎[38;2;161;162;162;48;2;53;53;53m┛[38;2;174;174;174;48;2;68;68;67m┃[38;2;144;144;144;48;2;55;55;55m┛[38;2;123;123;123;48;2;7;7;7m▃[48;2;0;0;0m [38;2;3;3;3;48;2;158;158;157m▌[38;2;22;22;22;48;2;125;125;125m▃[38;2;35;35;35;48;2;151;151;151m▆[38;2;162;162;162;48;2;57;57;57m▌[38;2;133;133;133;48;2;83;83;83m▅[38;2;155;156;155;48;2;97;97;97m▅[38;2;140;140;140;48;2;71;71;71m┳[38;2;127;128;127;48;2;34;34;34m┳[38;2;44;44;43;48;2;131;131;130m┃[38;2;77;77;76;48;2;20;20;20m▏[38;2;160;159;160;48;2;38;37;37m▂[38;2;0;0;0;48;2;8;8;8m┈[38;2;81;80;80;48;2;149;149;149m▉[38;2;216;216;216;48;2;60;60;60m▏[38;2;95;95;95;48;2;2;2;2m▁[38;2;122;122;122;48;2;17;17;17m▃[38;2;164;165;164;48;2;50;50;50m╸[38;2;31;30;30;48;2;155;155;155m▅[38;2;12;12;12;48;2;143;143;143m▃[38;2;185;185;185;48;2;95;95;95m┦[38;2;10;10;10;48;2;129;129;129m▝[38;2;138;138;138;48;2;5;5;5m▖[0m
[7m[38;2;0;0;0m [0m[38;2;0;0;0;48;2;0;0;0m    [48;2;84;84;84m▉[38;2;16;15;15;48;2;130;130;130m▗[38;2;153;153;153;48;2;75;75;75m╽[38;2;156;156;156;48;2;41;40;40m┍[38;2;11;11;11;48;2;96;96;96m▇[38;2;129;129;129;48;2;1;1;1m▗[38;2;206;206;206;48;2;47;47;47m╼[38;2;4;4;4;48;2;143;143;143m▄[38;2;9;9;9;48;2;111;111;110m▊[38;2;140;140;140;48;2;20;20;20m▘[38;2;98;98;98;48;2;18;18;18m╶[38;2;135;136;136;48;2;21;21;21m▏[48;2;0;0;0m [38;2;152;152;152;48;2;58;58;57m┟[38;2;134;134;134;48;2;54;54;54m╳[38;2;171;171;171;48;2;40;40;40m┌[38;2;65;65;65;48;2;120;120;120m┪[38;2;161;162;161;48;2;60;60;60m╾[38;2;27;27;27;48;2;150;150;150m▂[38;2;100;100;100;48;2;177;177;177m▝[38;2;197;198;197;48;2;48;48;48m▄[38;2;193;194;193;48;2;45;44;44m▂[38;2;190;190;190;48;2;20;20;20m▁[38;2;28;28;28;48;2;144;144;144m┃[48;2;0;0;0m [38;2;109;109;109m▝[38;2;176;176;176;48;2;51;51;51m┕[38;2;33;33;33;48;2;153;153;153m▇[38;2;204;204;204;48;2;72;72;72m▗[38;2;132;132;132;48;2;11;11;10m▖[38;2;0;0;0;48;2;13;13;13m┈[48;2;6;6;5m┈[38;2;195;195;195;48;2;52;52;51m╸[38;2;30;30;30;48;2;136;136;136m▇[38;2;13;13;13;48;2;119;119;119m▅[0m
[7m[38;2;0;0;0m [0m[38;2;0;0;0;48;2;0;0;0m [38;2;10;10;10;48;2;108;107;108m▉[38;2;118;118;119;48;2;6;6;6m▏[38;2;0;0;0;48;2;3;3;3m┈[38;2;1;1;1;48;2;149;149;149m▘[38;2;62;62;62;48;2;0;0;0m▏[38;2;102;103;102;48;2;21;21;21m┋[38;2;112;112;113;48;2;14;14;14m╵[38;2;0;0;0;48;2;8;8;8m┈[38;2;168;168;167;48;2;72;72;71m▖[38;2;166;165;165;48;2;48;48;48m╽[38;2;0;0;0;48;2;9;9;9m┈[38;2;114;114;114;48;2;24;24;24m┘[38;2;171;171;172;48;2;16;15;15m▎[38;2;0;0;0;48;2;10;10;10m┈┈[38;2;184;184;184;48;2;48;48;48m┎[38;2;162;162;162;48;2;32;32;31m▘[38;2;2;2;1;48;2;146;146;146m▘[38;2;129;130;129;48;2;18;18;18m▘[38;2;108;108;108;48;2;4;4;4m╻[48;2;0;0;0m [38;2;0;0;0;48;2;1;0;0m┈[38;2;206;206;206;48;2;91;91;90m╻[38;2;154;155;154;48;2;51;51;51m▌[38;2;1;1;1;48;2;140;140;140m━[38;2;40;40;39;48;2;168;168;167m┐[38;2;69;69;69;48;2;171;171;171m▃[38;2;159;159;159;48;2;15;15;15m▇[38;2;165;165;165;48;2;1;1;1m▆[38;2;166;166;166;48;2;18;17;17m▄[38;2;136;136;136;48;2;65;65;65m▃[38;2;205;205;205;48;2;60;60;60m┃[38;2;142;142;142;48;2;10;10;10m▍[48;2;0;0;0m   [38;2;96;95;95;48;2;29;29;29m╵[48;2;0;0;0m [0m
[7m[38;2;0;0;0m [0m[38;2;157;157;157;48;2;31;31;31m┏[38;2;144;144;144;48;2;86;85;85m┛[38;2;135;135;135;48;2;43;43;43m▗[38;2;35;35;35;48;2;127;128;128m▘[38;2;138;138;138;48;2;28;28;28m▘[38;2;107;106;107;48;2;4;4;4m▗[38;2;135;135;135;48;2;7;7;7m▍[38;2;119;119;119;48;2;11;11;11m▂[38;2;149;149;149;48;2;40;40;40m┛[38;2;114;114;114;48;2;32;32;32m▚[38;2;127;127;127;48;2;15;15;15m▏[38;2;139;139;139;48;2;52;52;52m┏[38;2;0;0;0;48;2;1;1;1m┈[38;2;85;84;84;48;2;16;16;16m▁[38;2;167;167;167;48;2;10;10;9m▃[38;2;149;149;149;48;2;31;31;30m▅[38;2;165;165;165;48;2;87;87;87m▍[38;2;51;51;51;48;2;158;158;158m▎[38;2;108;108;108;48;2;36;36;36m▏[38;2;41;41;41;48;2;14;14;14m╶[38;2;169;169;169;48;2;46;46;46m┛[38;2;85;86;85;48;2;16;16;16m▁[48;2;0;0;0m [38;2;208;208;208;48;2;55;55;54m╿[38;2;162;162;162;48;2;87;87;87m▘[38;2;150;150;150;48;2;14;14;13m▘[38;2;0;0;0;48;2;1;1;1m┈[38;2;169;169;169;48;2;42;42;42m▚[38;2;154;154;154;48;2;33;33;33m┏[38;2;143;143;143;48;2;35;35;35m┷[38;2;88;88;88;48;2;171;171;171m▆[38;2;67;67;67;48;2;186;186;186m▗[38;2;163;163;163;48;2;56;56;56m┺[38;2;70;70;70;48;2;139;138;139m▚[38;2;143;143;143;48;2;29;29;29m▘[38;2;150;149;149;48;2;8;8;8m▖[48;2;0;0;0m   [0m
[38;2;74;74;74;48;2;46;46;46m╵[38;2;151;151;151;48;2;44;43;43m┎[38;2;148;148;148;48;2;55;55;55m┙[38;2;39;39;39;48;2;140;140;140m▅[38;2;9;9;9;48;2;115;115;115m▇[38;2;0;0;0;48;2;9;9;9m┈[38;2;150;150;150;48;2;71;71;71m┨[38;2;182;183;182;48;2;40;39;39m┲[38;2;102;102;101;48;2;2;2;2m▘[48;2;0;0;0m [38;2;141;141;141;48;2;31;31;30m╹[38;2;89;89;89;48;2;13;13;13m╺[38;2;10;10;10;48;2;81;81;81m▇[38;2;124;124;124;48;2;2;2;2m▗[38;2;148;148;148;48;2;63;63;63m┛[38;2;182;182;182;48;2;60;60;60m╱[38;2;126;126;126;48;2;31;31;31m▘[38;2;38;38;38;48;2;140;140;139m▇[38;2;135;135;134;48;2;22;22;21m▍[38;2;126;126;126;48;2;25;25;25m┎[38;2;149;149;149m┘[48;2;0;0;0m [38;2;186;186;186;48;2;51;51;51m┚[38;2;0;0;0;48;2;4;4;4m┈[38;2;58;58;58;48;2;141;141;141m▋[38;2;44;44;44;48;2;215;214;214m▊[38;2;2;2;2;48;2;0;0;0m▏ [38;2;4;4;4;48;2;234;234;234m▊[38;2;197;197;197;48;2;24;24;24m▍[48;2;0;0;0m [38;2;0;0;0;48;2;13;12;13m┈[38;2;77;77;77;48;2;154;154;154m┄[38;2;149;149;149;48;2;59;59;59m╻[38;2;119;119;119;48;2;0;0;0m▍[38;2;74;74;74;48;2;33;33;33m╵[38;2;14;14;14;48;2;153;153;153m▃[38;2;44;44;44;48;2;138;139;138m▄[38;2;165;165;165;48;2;39;39;39m┒[48;2;0;0;0m [0m
[38;2;0;0;0;48;2;14;14;14m┈[38;2;3;3;3;48;2;77;77;77m▇[38;2;2;2;2;48;2;66;66;66m▇[48;2;0;0;0m [38;2;102;102;102;48;2;35;35;35m┘[38;2;8;8;8;48;2;117;117;117m▅[38;2;148;148;148;48;2;24;24;24m┖[38;2;108;108;108;48;2;5;5;5m▘[48;2;0;0;0m    [38;2;8;8;8;48;2;78;78;78m▉[38;2;188;188;188;48;2;80;80;80m┠[38;2;45;45;45;48;2;125;125;125m▆[38;2;127;126;126;48;2;48;48;48m╸[38;2;0;0;0;48;2;3;3;3m┈[38;2;164;164;164;48;2;34;34;34m╽[38;2;127;127;127;48;2;20;20;20m▗[38;2;107;107;107;48;2;2;2;2m▘[48;2;0;0;0m  [38;2;116;116;116m▝[38;2;130;130;130;48;2;43;43;43m┻[38;2;91;91;90;48;2;39;39;39m╱[38;2;93;93;93;48;2;221;221;221m▊[38;2;2;2;2;48;2;0;0;0m▏ [38;2;1;1;1;48;2;239;239;239m▊[38;2;210;210;210;48;2;0;0;0m▍  [38;2;1;1;1;48;2;176;176;176m▎[38;2;40;40;40;48;2;11;11;11m╴[38;2;0;0;0;48;2;55;55;55m▉[38;2;126;126;126;48;2;4;4;4m▘[48;2;0;0;0m [38;2;9;9;9;48;2;68;68;68m▇[38;2;3;3;3;48;2;111;111;111m▇[38;2;141;141;142;48;2;15;15;15m▘[0m
[?25h